User Cost($) product_1(kg) product_2(g) product_3(quantity) product_4(quantity)
User1 0.2424 0.2405 0.062 0.1429 0.2857
User2 0.8533 0.8734  0.1429 0.3571
User3 0.7771 0.7468 0.1625 0.1429 0.3571
User4  0.8734 0.4975 0.1429 
User5 0.0105 0.1139 0.062 0.0714 0.0
User6 0.8043 0.3671 0.0955 1.0 0.2857
User7 0.6257 0.1139 1.0 0.0714 0.2857
User8  0.1139  0.0714 1.0
User9 0.0 0.0506 0.0 0.0714 0.2857
User10 0.2138 0.2405 0.0117 0.1429 0.2857
User11 0.3229 0.3671 0.0117 0.2143 0.1429
User12 0.039 0.0 0.0955 0.2143 0.1429
User13 0.4176 0.4304 0.0151 0.2857 0.1429
User14 0.64 0.7468 0.0201 0.0714 
User15 0.0657  0.0151  0.2857
User16 0.1386 0.2405 0.005 0.0 0.2857
User17 0.489 0.3671 0.196 0.2143 0.3571
User18 0.3862 0.3671 0.0151 0.2143 0.3571
User19  1.0  0.2143 0.3571
User20 0.3843 0.3671 0.0117 0.2143 0.3571
User21 0.3105 0.2405 0.0201 0.2857 0.3571
User22 0.3076  0.0151 0.2857 0.3571
User23 1.0 0.8734 0.0117 0.2857 0.7857
User24 0.0171 0.0 0.0117  0.3571
User25 0.0529 0.0 0.0117 0.2143 0.3571
User26 0.2543 0.2405 0.0201 0.2143 0.2857
User27 0.3314 0.2405 0.0117 0.2143 0.5714
User28 0.1881 0.2405  0.2143 0.0714
User29 0.1881 0.2405 0.0117 0.2143 0.0714
User30 0.5033 0.1772 0.0117 1.0 
